mi_color <- "#003f5c"

mi_colors <- c("#20603b", "#E46726", "#2b0545", "#045762")